M,tc,one_by_nu,alpha_by_nu,beta_by_nu,gamma_by_nu
2,0.72727,0.513874614594039,0.514096250213949,0.06224871531346351,0.4682830896280964
3,0.8847689551165168,0.5147796578601219,0.5583214730769456,0.015210226845351536,0.4907038495784963
4,0.944485190729756,0.5135909896264279,0.5701717542856257,0.0051780431466236345,0.49955852538122003
5,0.9712524230802962,0.5121847779791164,0.5709302763399081,0.002189338554926864,0.5010657177122594
6,0.9844725244423395,0.5105556312194173,0.567879155936502,0.0010973409840844652,0.5019377234808523
7,0.9914339600114201,0.51831264512347,0.5592868253232689,0.000563332711546766,0.5022154798569013
8,0.9951985920490225,0.5233953305075367,0.5401749720626219,0.0003220786211391154,0.5021366646706512
9,0.997283232056865,0.5107873978212114,0.5020103214429655,0.00029411558739151397,0.5020521616446415
10,0.9984511635765237,0.5185414637112808,0.4368156449584002,0.00021186361856386868,0.5021094257058025
